finished in 25192ms and 1000generations
resulting layout Fitness: 587646 Rows: 10Columns: 9 Layout: 
55,83,39,82,66,44,57,22,31,
36,5,63,33,11,77,48,29,86,
85,41,47,78,14,13,54,58,23,
46,43,81,16,87,52,50,4,89,
73,27,42,65,26,0,15,28,40,
8,79,2,30,37,56,17,32,12,
84,18,69,21,71,74,60,53,9,
76,3,45,75,88,72,51,68,20,
6,24,59,34,35,10,67,25,61,
7,80,70,49,1,19,64,62,38,

627998,627449,626159,624638,623438,623324,621514,621299,618311,617046,616881,616778,613275,612785,611932,611465,609931,608240,608123,605228,604752,603480,603305,603134,602611,601913,601011,600917,600483,600431,600036,599288,598752,597737,597539,596949,596893,596796,596711,595096,594749,594740,594152,593943,593818,593797,593104,592922,592853,592802,592556,592157,591984,591823,591750,591722,591478,591394,591344,591233,591105,591053,591024,590966,590931,590893,590873,590614,590581,590532,590314,590302,590240,590166,589892,589864,589796,589769,589766,589739,589665,589662,589514,589457,589380,589118,589092,588944,588868,588830,588754,588586,588533,588510,588289,588112,588079,588042,588020,588003,587958,587933,587748,587735,587730,587721,587700,587686,587646,